
343;0
343;1
343;2
343;3
343;4
343;5
343;6
344;7
345;8
345;9
342;10
343;11
345;12
346;13
343;14
343;15
343;16
343;17
343;18
343;19
343;20
343;21
343;22
343;23
343;24
344;25
343;26
344;27
344;28
344;29
344;30
343;31
343;32
343;33
343;34
344;35
343;36
344;37
343;38
343;39
343;40
343;41
343;42
343;43
343;44
343;45
343;46
343;47
344;48
344;49
343;50
344;51
344;52
343;53
346;54
344;55
344;56
343;57
343;58
343;59
344;60
343;61
343;62
343;63
344;64
343;65
346;66
343;67
343;68
343;69
343;70
343;71
343;72
344;73
344;74
344;75
343;76
343;77
343;78
343;79
343;80
343;81
344;82
343;83
344;84
343;85
344;86
344;87
346;88
344;89
346;90
343;91
343;92
343;93
344;94
343;95
343;96
344;97
343;98
