
343;0
343;1
343;2
345;3
345;4
343;5
344;6
343;7
343;8
343;9

343;10
343;11
343;12
343;13
343;14
343;15
343;16
343;17
343;18
343;19
343;20
344;21
345;22
343;23
343;24
343;25
343;26
344;27
343;28
344;29
344;30
344;31
344;32
344;33
344;34
344;35
344;36
343;37
344;38
343;39
344;40
343;41
344;42
343;43
344;44
344;45
343;46
345;47
344;48
343;49
343;50
343;51
343;52
343;53
343;54
343;55
343;56
343;57
343;58
343;59
344;60
343;61
343;62
343;63
343;64
344;65
343;66
343;67
343;68
343;69
343;70
343;71
343;72
343;73
343;74
343;75
343;76
344;77
346;78
343;79
346;80
344;81
343;82
343;83
343;84
343;85
343;86
343;87
344;88
343;89
344;90
343;91
343;92
343;93
343;94
343;95
343;96
343;97
343;98
343;99
343;100
344;101
343;102
343;103
343;104
343;105
343;106
343;107
343;108
343;109
343;110
343;111
343;112
343;113
343;114
343;115
343;116
343;117
