
343;0
343;1
343;2
344;3
346;4
343;5
343;6
343;7
343;8
343;9
343;10
343;11
343;12
344;13
343;14
344;15
343;16
344;17
344;18
344;19
343;20
344;21
344;22
344;23
343;24
346;25
343;26
343;27
343;28
343;29
343;30
343;31
343;32
343;33
343;34
343;35
343;36
343;37
343;38
343;39
343;40
343;41
343;42
343;43
343;44
344;45
343;46
343;47
345;48
343;49
343;50
343;51
343;52
343;53
346;54
343;55
343;56
343;57
344;58
343;59
343;60
344;61
343;62
343;63
343;64
343;65
343;66
343;67
343;68
344;69
343;70
343;71
343;72
343;73
343;74
343;75
343;76
343;77
343;78
343;79
343;80
343;81
344;82
343;83
343;84
343;85
343;86
343;87
343;88
343;89
344;90
344;91
344;92
345;93
344;94
344;95
343;96
343;97
343;98
